1 0 2
1 0 4
1 0 6
1 0 8
1 0 10
1 0 12
1 0 14
1 0 16
1 0 18
2 0 40
2 0 44
2 0 48
2 0 52
2 0 56
2 0 60
2 0 64
2 9 68
2 18 72
3 18 114
3 18 120
3 18 126
3 18 132
3 18 138
3 18 144
3 18 150
3 18 156
3 18 162
4 18 224
4 18 232
4 18 240
4 18 248
4 18 256
4 18 264
4 18 272
4 18 280
4 18 288
5 18 370
5 18 380
5 37 390
5 37 400
5 37 410
5 37 420
5 37 430
5 37 440
5 37 450
6 37 552
6 46 564
6 56 576
6 65 588
6 74 600
6 74 612
6 74 624
6 74 636
6 74 648
7 74 770
7 80 784
7 93 798
7 93 812                           
7 93 826
7 93 840
7 93 854
7 103 868
7 112 882
8 112 1024
8 112 1040
8 112 1056
8 143 1072
8 156 1088
8 174 1104
8 200 1120
8 212 1136
8 224 1152
9 243 1314
9 243 1332
9 243 1350
9 268 1368
9 287 1386
9 312 1404
9 318 1422
9 337 1440
9 337 1458
10 359 1640
10 384 1660
10 393 1680
10 393 1700
10 393 1720
10 396 1740
10 446 1760
10 487 1780
10 540 1800