1 2
1 4
1 6
1 8
1 10
1 12
1 14
1 16
1 18
2 40
2 44
2 48
2 52
2 56
2 60
2 64
2 68
2 72
3 114
3 120
3 126
3 132
3 138
3 144
3 150
3 156
3 162
4 224
4 232
4 240
4 248
4 256
4 264
4 272
4 280
4 288
5 370
5 380
5 390
5 400
5 410
5 420
5 430
5 440
5 450
6 552
6 564
6 576
6 588
6 600
6 612
6 624
6 636
6 648
7 770
7 784
7 798
7 812
7 826
7 840
7 854
7 868
7 882
8 1024
8 1040
8 1056
8 1072
8 1088
8 1104
8 1120
8 1136
8 1152
9 1314
9 1332
9 1350
9 1368
9 1386
9 1404
9 1422
9 1440
9 1458
10 1640
10 1660
10 1680
10 1700
10 1720
10 1740
10 1760
10 1780
10 1800