0 0 0
1 0 4
2 0 12
3 0 24
4 0 40
5 0 60
6 0 84
7 0 112
8 0 144
9 0 180
10 0 220
11 0 264
12 0 312
13 15 364
14 18 420
15 18 480
16 18 544
17 18 612
18 18 684
19 18 760
20 18 840
21 18 924
22 18 1012
23 30 1104
24 37 1200
25 37 1300
26 37 1404
27 37 1512
28 37 1624
29 37 1740
30 40 1860
31 56 1984
32 56 2112
33 56 2244
34 56 2380
35 62 2520
36 74 2664
37 74 2812
38 74 2964
39 84 3120
40 93 3280
41 93 3444
42 100 3612
43 112 3784
44 112 3960
45 121 4140
46 130 4324
47 134 4512
48 150 4704
49 150 4900
50 168 5100
51 168 5304
52 184 5512
53 187 5724
54 206 5940
55 209 6160
56 224 6384
57 234 6612
58 243 6844
59 259 7080
60 271 7320
61 280 7564
62 300 7812
63 315 8064
64 337 8320
65 353 8580
66 365 8844
67 380 9112
68 400 9384
69 415 9660
70 434 9940
71 453 10224
72 471 10512
73 490 10804
74 509 11100
75 527 11400
76 550 11704
77 568 12012
78 590 12324
79 612 12640
80 634 12960
81 659 13284
82 680 13612
83 706 13944
84 727 14280
85 756 14620
86 780 14964
87 812 15312
88 837 15664
89 868 16020
90 893 16380
91 924 16744
92 950 17112
93 980 17484
94 1009 17860
95 1040 18240
96 1071 18624
97 1103 19012
98 1134 19404
99 1168 19800
100 1199 20200
101 1227 20604
102 1250 21012
103 1284 21424
104 1312 21840
105 1340 22260
106 1374 22684
107 1400 23112
108 1434 23544
109 1465 23980
110 1496 24420
111 1530 24864
112 1565 25312
113 1600 25764
114 1634 26220
115 1671 26680
116 1709 27144
117 1746 27612
118 1784 28084
119 1824 28560
120 1865 29040
121 1906 29524
122 1946 30012
123 1987 30504
124 2027 31000
125 2071 31500
126 2115 32004
127 2159 32512
128 2200 33024
129 2246 33540
130 2290 34060
131 2340 34584
132 2387 35112
133 2437 35644
134 2484 36180
135 2534 36720
136 2587 37264
137 2634 37812
138 2687 38364
139 2737 38920
140 2793 39480
141 2849 40044
142 2906 40612
143 2962 41184
144 3018 41760
145 3074 42340
146 3131 42924
147 3193 43512
148 3253 44104
149 3315 44700
150 3378 45300
151 3440 45904
152 3502 46512
153 3571 47124
154 3634 47740
155 3703 48360
156 3771 48984
157 3843 49612
158 3912 50244
159 3987 50880
160 4055 51520
161 4131 52164
162 4205 52812
163 4281 53464
164 4355 54120
165 4434 54780
166 4515 55444
167 4593 56112
168 4671 56784
169 4756 57460
170 4837 58140
171 4921 58824
172 5006 59512
173 5090 60204
174 5174 60900
175 5265 61600
176 5356 62304
177 5443 63012
178 5534 63724
179 5628 64440
180 5718 65160
181 5812 65884
182 5909 66612
183 6009 67344
184 6103 68080
185 6199 68820
186 6302 69564
187 6403 70312
188 6509 71064
189 6609 71820
190 6721 72580
191 6815 73344
192 6927 74112
193 7040 74884
194 7140 75660
195 7246 76440
196 7359 77224
197 7484 78012
198 7603 78804
199 7715 79600
200 7827 80400