1 0 2
1 0 4
1 0 6
1 0 8
1 0 10
1 0 12
1 0 14
1 0 16
1 0 18
2 12 40
2 19 44
2 19 48
2 19 52
2 19 56
2 19 60
2 19 64
2 19 68
2 19 72
3 19 114
3 19 120
3 19 126
3 34 132
3 37 138
3 37 144
3 37 150
3 37 156
3 40 162
4 56 224
4 56 232
4 56 240
4 66 248
4 75 256
4 75 264
4 87 272
4 93 280
4 103 288
5 112 370
5 121 380
5 130 390
5 146 400
5 159 410
5 172 420
5 187 430
5 203 440
5 219 450
6 237 552
6 256 564
6 277 576
6 303 588
6 328 600
6 356 612
6 384 624
6 415 636
6 446 648
7 481 770
7 516 784
7 553 798
7 590 812
7 634 826
7 675 840
7 718 854
7 768 868
7 815 882
8 862 1024
8 918 1040
8 975 1056
8 1031 1072
8 1087 1088
8 1147 1104
8 1209 1120
8 1275 1136
8 1343 1152
9 1412 1314
9 1487 1332
9 1568 1350
9 1646 1368
9 1725 1386
9 1812 1404
9 1900 1422
9 1994 1440
9 2090 1458
10 2184 1640
10 2287 1660
10 2390 1680
10 2503 1700
10 2615 1720
10 2728 1740
10 2856 1760
10 2975 1780
10 3103 1800